1 2 3 4 5 6 7 8 9 10 11 -12
2 2 3 4 5 6 7 8 9 -10 11 12
3 2 3 4 5 6 7 8 9 10 11 12
4 2 3 4 5 -6 7 8 9 10 11 12
5 2 3 4 5 6 7 8 9 10 11 12
6 2 3 4 5 6 7 8 9 10 11 12
7 2 3 4 5 6 7 8 9 10 11 12
8 2 3 4 5 6 7 8 9 10 11 12
9 2 3 4 5 6 7 8 9 10 11 12
10 2 3 4 5 6 7 8 9 10 11 12
11 2 3 4 5 6 7 8 9 10 11 12
12 2 3 4 5 6 7 8 9 10 11 0

-1 2 3 4 5 -6
2 2 3 4 5 6
3 2 3 4 5 6
4 2 3 4 5 6
5 2 3 4 5 6
-1 2 3 4 5 -1


1 0 0
1 2 0
1 2 -3


-1 2 3
-65998 2 3
3 2 3

1 0 0 0
2 3 0 0
4 5 6 0
-1 -1 -1 1

1 0 0 0 0 0
1 1 0 0 0 0
1 1 1 0 0 0
1 1 1 1 0 0
1 1 1 1 1 0
1 1 1 1 1 1

0 0 0
0 0 0
0 0 0

1 0 0
1 2 0
1 2 -8

1 0 0
1 2 0
1 2 -2

1 0 0
1 2 0
1 2 0

4 0 0
0 3 0
0 0 2

1 1 2
0 1 3
0 0 1